%%*************************************************************************
% This function defines the locations of wind and solar PV generators, this
% information will be used to generate the 'caseinput.m' file and the 
% 'pattern.m' file.
%
% NOTE: We use the bus index and gen index to mapping mpc struct, make sure
%       the data you type in the following tables are exactly right.
%
% This function is modified from Hao Sheng, McGill University, 2018
%%*************************************************************************
function userdef = userdef_case1354()

%% 1. Specify the locations at where the wind power plants are installed.
% *************************************************************************

% Bus_I,Gen_Idx,c,k,Pr,Vr,Vin,Vout,-PF,+PF.
userdef.wind = [...
     3364    100     8.0063     2.1182    50.0000  13.5000   3.5000  25.0000  -0.9500   0.9500;
     3390    101    11.5762     2.7022    50.0000  13.8000   3.5000  25.0000  -0.9500   0.9500;
     3422    102    11.2441     3.6322    50.0000  13.0000   5.0000  25.0000  -0.9500   0.9500;
     3436    103    12.4813     3.2465    50.0000  12.9000   5.0000  24.0000  -0.9500   0.9500;
     3513    105    11.1533     3.2895    50.0000  12.0000   5.5000  24.0000  -0.9500   0.9500;
     3565    106     8.8261     2.6511    50.0000  10.0000   3.5000  20.0000  -0.9500   0.9500;
];
%123456 123456 1234567890 1234567890 1234567890 12345678 12345678 12345678 12345678 12345678.

%% 2. Specify the locations at where the solar PV power plants farms are installed.
% *************************************************************************

% Bus_I,Gen_Idx,alpha,beta,min,max,Pr,Rc,Rstd,-PF,+PF.
userdef.solar = [...
     4024   120     1.1100     0.7300   0.0000  1000.0000    30.0000   150.0000  1000.0000  -1.0000   1.0000;
     4084   122    1.3200     0.6900   0.0000  1000.0000    30.0000   150.0000  1000.0000  -1.0000   1.0000;
     4118   123     1.7000     0.7400   0.0000  1000.0000    30.0000   150.0000  1000.0000  -1.0000   1.0000;
     4125   124    2.9700     0.9400   0.0000  1000.0000    30.0000   150.0000  1000.0000  -1.0000   1.0000;
     4128   125    2.5400     0.7800   0.0000  1000.0000    30.0000   150.0000  1000.0000  -1.0000   1.0000;
     4331   127    1.7800     0.8500   0.0000  1000.0000    30.0000   150.0000  1000.0000  -1.0000   1.0000;   
];
%123456 123456 1234567890 1234567890 12345678 1234567890 1234567890 1234567890 1234567890 12345678 12345678.

%% 3. Specify the load variation by var/mean.
% *************************************************************************
userdef.load = [...
     0.02;
];
%12345678

%% 4. Specify the inter-area transaction.
% *************************************************************************
% Area_Fr,Area_To,Pmw.
userdef.transfer = [...
];
%123456 123456 1234567890

%% 5. Specify the area in which the contingency list is enabled.
% *************************************************************************
userdef.area = [...
      4;
];
%123456

%% 6. Specify the response name for plotting.
% *************************************************************************

userdef.respname = {...
       'PATC';
};
%123456789012
